1
1
100
281
45327367
364
98051872
175
11088625
458
194667046
4
472
298
53996806
437
169204315
258
35149246
480
223955140
488
235292716
85
1316155
331
73848517
159
8344897
265
38065495
351
87970177
395
125137285
128
4392676
38
127666
288
48774916
165
9313195
170
10175110
292
50821240
120
3630460
16
11572
87
1409065
465
203690095
484
229577272
10
3430
327
71219065
390
120468370
239
27992497
169
9998647
34
93022
172
10534240
7
1465
208
18519796
421
151369387
454
189632722
142
5970490
326
70571602
461
198500707
286
47772682
425
155704375
4
472
281
45327367
144
6222772
445
178624435
365
98857795
1
127
352
88719940
132
4810840
227
24015565
169
9998647
112
2961940
468
207640936
437
169204315
240
28342420
359
94087897
490
238185670
443
176237461
384
115020772
169
9998647
352
88719940
336
77225332
84
1271272
303
56742001
249
31623847
34
93022
324
69288472
385
115917055
333
75187171
414
143978122
426
156800902
73
843031
267
38927365
2
190
154
7591222
247
30873865
165
9313195
49
264847
207
18256465
347
85013365
282
45809590
313
62508391
349
86483347
378
109739926
289
49281247
231
25296217
160
8501380
389
119548747
498
249994606
376
108016252
292
50821240
489
236736247
199
16239097
89
1506247
205
17737315
225
23391775
72
809740
418
148171486
fonksiyon: y = 2x^3 + 12x^2 + 13x + 100
